-12.371,0.30409,-0.143110,-0.941830,-27.315,-0.425820,-0.9048,0.0,-15.08,0.85217,-0.401050,0.33608
6.5637,0.44593,0.27836,-0.85067,-19.707,-0.106200,-0.92724,-0.35909,-5.092,0.88874,-0.25047,0.3839200
-16.494,0.01529,-0.006926,-0.99985,-35.369,-0.412640,-0.910890,0.0,-19.70800,0.91076,-0.41258,0.0167860
2.803,-0.366000,-0.16652,-0.915590,-11.415,-0.16128,-0.957610,0.2386400,1.8841,0.9165200,-0.23501,-0.323630
-3.2973,0.8945000,-0.233219,0.38141,-20.67600,-0.04818,-0.89846,-0.436390,-5.4114,-0.444460,-0.37197,0.8149100
-0.1014,0.37264,-0.292560,-0.880640,-11.472,-0.34103,-0.92576,0.1632400,-1.4099,0.8630300,-0.239500,0.44475
2.6129,0.65027,-0.258360,-0.71441,-10.189,-0.357220,-0.93393,0.012604,0.26368,0.67047,-0.247000,0.6996100
0.82265,-0.088046,-0.13585,-0.986800,-13.922,-0.22081,-0.963340,0.15232,-2.5,0.97133,-0.231310,-0.054821
-0.160930,0.32268,-0.016613,-0.94636,-14.006,-0.193570,-0.97987,-0.048803,-5.7949,0.9265000,-0.19894,0.3194
2.7093,0.95816,-0.106170,0.26579,-13.50400,-0.064797,-0.985,-0.159880,-1.5794,-0.27878,-0.13597,0.9506700
-3.4214,0.79615,-0.18515,0.57606,-18.823,-0.046027,-0.967800,-0.24745,-7.8566,-0.60333,-0.170490,0.7790400
-4.7697,-0.54639,-0.012629,-0.83743,-22.829,-0.099625,-0.9918,0.079961,-6.4765,0.83158,-0.12712,-0.54066
-1.4908,0.27215,0.068263,-0.959830,-21.446,-0.19582,-0.972669,-0.124700,-3.0428,0.94211,-0.221890,0.25134
2.5788,-0.17774,0.019071,-0.983890,-18.973,-0.18778,-0.98209,0.0148879,-0.85175,0.9659900,-0.1874,-0.178140
-22.872,-0.18195,0.0788239,-0.98014,-47.60100,-0.397510,-0.917590,0.0,-26.78,0.8993700,-0.38961,-0.198290
-1.6819,-0.67168,-0.175930,-0.719640,-23.231,-0.110480,-0.93674,0.33212,-6.8825,0.73255,-0.30258,-0.60975
-5.7111,0.97709,0.098792,-0.18845,-34.90000,0.015213,-0.91585,-0.40122,-10.141,0.2122300,-0.38916,0.8963800
-20.39899,-0.57879,0.271,-0.76912,-44.85599,-0.424040,-0.90564,0.0,-24.79699,0.69655,-0.326140,-0.63909
-23.31,0.9285800,0.3683,0.045608,-46.231,0.36869,-0.929550,0.0,-26.425,-0.042394,-0.016815,0.99895
-7.7828,0.8893800,0.2310900,0.39445,-28.98099,0.1516300,-0.963100,0.2223300,-14.09499,-0.431280,0.1379200,0.89161
-17.65,0.95697,0.28148,-0.070474,-31.752,0.2821800,-0.959360,0.0,-18.773,0.06761,0.019886,0.99751
-23.823,0.91222,0.3633500,-0.189250,-47.34600,0.3700400,-0.929010,0.0,-27.044,0.1758100,0.070032,0.9819200
-21.292,0.8581300,0.34554,-0.37973,-42.54100,0.37351,-0.92762,0.0,-24.256,0.3522400,0.1418299,0.92509
-7.808,0.8086600,0.23466,-0.539430,-27.991,0.20212,-0.972000,-0.11984,-13.974,0.55245,0.012119,0.83345
-2.7449,0.9785900,0.20149,-0.041773,-29.052,0.2052900,-0.9699,0.13094,-8.7989,0.01413,0.13671,0.9904999
-8.0841,0.9935,0.11268,0.015923,-34.996,0.1105900,-0.98898,0.098332,-13.18400,-0.026827,0.095932,0.9950200
-1.73,0.9847899,0.075192,-0.156610,-26.79199,0.0736510,-0.99716,-0.015627,-6.668,0.15735,-0.003854,0.98753
-1.2441,0.99887,0.046861,-0.006630,-29.092,0.0472010,-0.996620,0.067199,-7.3867,0.0034588,0.067437,0.9977100
-3.6145,0.99712,0.0221700,0.072507,-32.48600,0.0205330,-0.999510,0.0232450,-9.0705,-0.072987,0.021689,0.99709
-2.7952,0.99773,0.033486,0.058335,-32.328,0.0299440,-0.997710,0.0605660,-6.9635,-0.06023,0.058682,0.99645
-8.7788,-0.097673,0.17752,-0.979250,-19.715,0.0257850,-0.983179,-0.180800,-10.466,0.9948800,0.0429100,-0.091453
0.4726200,0.9990800,0.02435,0.0351270,-27.04699,0.025017,-0.999510,-0.018678,-3.2574,-0.034655,-0.01954,0.9992000
-3.8095,0.94226,0.0092314,0.3347400,-14.58299,0.0172879,-0.999620,-0.021096,-5.4046,-0.33442,-0.025665,0.9420700
-5.0333,0.5028900,-0.047118,-0.863059,-11.68700,-0.100930,-0.994880,-0.004499,-6.3668,0.8584300,-0.089377,0.50508
-3.581,0.96916,-0.005865,-0.24634,-14.00700,-0.026303,-0.996460,-0.079756,-4.8939,0.2450000,-0.083777,0.9658899
-4.6979,0.93699,0.13203,0.3234300,-15.85700,0.11454,-0.990760,0.072617,-6.1093,-0.330030,0.0309960,0.94346
-3.7427,0.954,0.076602,-0.28985,-18.455,0.057467,-0.9956,-0.073976,-5.7611,0.29424,-0.053916,0.9542
-3.3401,0.9935800,0.041323,0.10527,-29.2,0.042105,-0.99909,-0.005220,-5.1763,-0.104960,-0.009619,0.9944200
1.6303,0.9917,0.019059,0.12714,-26.15000,0.020191,-0.999760,-0.007621,-2.2013,-0.12697,-0.010125,0.99185
2.6522,0.99811,0.024568,0.056257,-25.31499,0.024551,-0.999690,0.0009832,-0.997840,-0.056264,-0.000399,0.99841
-1.8167,0.99811,-0.005539,-0.061194,-25.854,-0.005218,-0.999970,0.0054156,-3.5866,0.0612220,0.005086,0.99811
-7.8035,0.6189100,-0.036118,-0.78462,-12.776,-0.058366,-0.998290,-8.5453e-,-7.8204,0.78328,-0.045848,0.6199600
-1.8606,0.9972200,0.064723,0.036796,-23.73200,0.06632,-0.99682,-0.043958,-4.8721,-0.033834,-0.046276,0.99835
-2.18,0.98055,0.0885810,-0.17513,-19.298,0.081097,-0.995470,-0.04945,-4.6944,0.17872,-0.034286,0.9833000
-2.9761,0.99824,0.046058,0.037134,-25.489,0.0457500,-0.998910,0.009083,-6.3144,-0.037512,0.0073682,0.99926
-0.409360,0.9901,0.0247440,-0.13814,-22.323,0.019557,-0.999050,-0.038783,-2.7428,0.13897,-0.035697,0.98965
1.0426,0.9992300,-0.016438,-0.035378,-22.67199,-0.017554,-0.99935,-0.03147,-2.2249,0.034838,-0.032067,0.99887
-2.702,0.9643000,0.0826030,0.25157,-19.149,0.085102,-0.99637,0.0009482,-3.9736,-0.25074,-0.020495,0.9678300
-4.3263,0.45215,-0.109769,-0.88515,-9.707,-0.22464,-0.97442,0.0060911,-5.3344,0.8631800,-0.196080,0.46525
-2.371,0.9218600,0.016352,0.3871500,-14.49899,0.0412260,-0.997570,-0.056029,-3.7835,-0.385300,-0.067614,0.9203
-2.8939,0.9462400,0.082298,0.31279,-18.823,0.085108,-0.99636,0.0046858,-4.6435,-0.312040,-0.022187,0.9498
-0.771640,0.98772,0.016722,0.15533,-24.804,0.0220889,-0.999210,-0.032885,-3.1586,-0.154660,-0.035912,0.9873100
1.0116,-0.53086,0.0060092,-0.84743,-7.5046,0.0024635,-0.99995,-0.008634,-0.34802,0.8474500,0.0066711,-0.53083
-0.84188,0.79064,0.028674,0.6116,-11.40800,0.0087562,-0.99933,0.035532,-2.0677,-0.61221,0.022738,0.7903600
0.6935600,0.9630900,-0.007362,-0.26906,-7.9899,-0.026111,-0.997460,-0.066169,-0.699650,0.26789,-0.070753,0.96084
1.6738,0.97096,-0.18085,0.1566100,-6.3723,-0.17094,-0.982440,-0.07465,0.4300900,-0.16736,-0.045709,0.9848300
-1.2613,-0.64708,0.0605820,-0.76,-19.069,-0.06703,-0.99749,-0.022442,-2.163,0.75946,-0.03642,-0.64953
-2.0714,0.9792500,0.062649,0.1926900,-22.348,0.057527,-0.997819,0.032069,-4.2296,-0.19428,0.020318,0.98073
1.0106,0.99084,-0.018595,0.1337,-18.374,-0.014697,-0.999430,-0.030084,-1.5941,-0.134180,-0.027843,0.99056
-1.6458,0.9944200,0.016959,-0.10411,-13.75199,0.0132400,-0.99925,-0.036306,-2.3246,0.10465,-0.034725,0.9939
0.2171300,0.96982,-0.09866,0.2229499,-9.7823,-0.063623,-0.985190,-0.1592,-2.2234,-0.23535,-0.14021,0.96174
-2.03,0.85601,0.087767,-0.509450,-12.87600,0.060093,-0.99569,-0.070563,-2.1797,0.5134500,-0.029787,0.8576000
-0.315860,0.9883100,0.05375,0.14263,-8.2998,0.059284,-0.99763,-0.034835,-1.1797,-0.14042,-0.042884,0.98916
-1.6149,0.81497,-0.32667,0.47863,-6.0191,-0.293380,-0.94488,-0.14535,-2.7646,-0.49973,0.0219600,0.8658899
-5.5912,0.54281,-0.096237,-0.83431,-9.4304,-0.17457,-0.98464,0.0,-5.7082,0.8215,-0.14564,0.5512800
-3.4058,-0.51147,-0.058639,-0.857290,-9.6643,-0.086088,-0.989150,0.11902,-4.5327,0.85497,-0.13467,-0.50087
-3.1397,0.67896,-0.123049,-0.723780,-8.2433,-0.431770,-0.86426,-0.2581,-5.1403,0.59377,-0.487750,0.6399300
2.8486,0.77856,-0.339790,0.5276200,-5.204,-0.23597,-0.937540,-0.255580,-0.31169,-0.581510,-0.074482,0.8101100
0.72599,0.7624,-0.1275,0.63441,-5.569,-0.079196,-0.99141,-0.10407,-0.842360,-0.642230,-0.029103,0.7659500
1.0915,0.77602,-0.083514,0.62514,-4.6775,-0.061822,-0.996490,-0.056379,-0.85781,-0.627660,-0.005103,0.77846
-1.9413,0.84923,-0.406090,-0.337460,-4.3443,-0.4314,-0.90215,0.0,-2.3885,0.3044400,-0.145580,0.94133
-1.3064,-0.66892,-0.396430,-0.62878,-6.4412,0.25916,-0.917210,0.30257,-2.4702,0.6966800,-0.039442,-0.71629
0.55813,0.8325900,-0.47631,-0.28268,-4.7141,-0.48785,-0.872300,0.032908,-0.519420,0.26226,-0.11051,0.9586399
0.2346099,-0.699580,-0.117700,-0.70478,-8.0578,0.064883,-0.992719,0.1013900,-3.3769,0.7115900,-0.025205,-0.70213
-4.0879,0.95788,0.0021456,0.28715,-16.21899,0.0737070,-0.9683,-0.23863,-6.1197,-0.27753,-0.249750,0.9276800
2.0788,0.85779,-0.001902,0.51398,-5.4118,0.027269,-0.99841,-0.049207,-0.76675,-0.51326,-0.056226,0.8563800
0.67442,0.7752500,-0.213380,0.5945,-7.8343,-0.073257,-0.96523,-0.25091,-2.099,-0.62738,-0.150970,0.7639300
-3.0459,-0.61645,0.0042013,-0.787380,-13.856,-0.071362,-0.996160,0.0505539,-4.322,0.78415,-0.087354,-0.61438
-0.709900,0.92295,-0.248450,0.2939900,-9.0678,-0.21576,-0.966440,-0.13937,-2.084,-0.318760,-0.065205,0.9455800
0.65542,-0.204000,0.035394,-0.978320,-5.837,-0.048006,-0.998499,-0.026114,-0.43595,0.9777900,-0.041638,-0.2054
0.43077,-0.34243,-0.163460,-0.925210,-9.1835,0.0421680,-0.98643,0.15867,-2.3238,0.93859,-0.01532,-0.344680
-3.0669,-0.38804,-0.15028,-0.9093,-15.87900,0.017114,-0.98761,0.15592,-4.7184,0.9214800,-0.044945,-0.38581
1.4148,0.7471000,-0.040475,0.66346,-10.63800,0.0313580,-0.994880,-0.096005,-0.87419,-0.66396,-0.092531,0.7420200
-1.9055,0.055315,-0.029966,-0.998010,-9.1539,-0.109200,-0.993730,0.023785,-2.5835,0.99247,-0.10767,0.05824
-2.0279,-0.43377,-0.010365,-0.900949,-8.6026,-0.12612,-0.989380,0.072108,-2.6566,0.89214,-0.14491,-0.42786
0.87656,-0.49689,-0.196540,-0.845260,-8.0828,0.0071125,-0.974900,0.2225000,0.13761,0.86778,-0.104540,-0.485820
-0.470760,0.30091,-0.27803,-0.91222,-8.6473,-0.16084,-0.95765,0.2388100,-1.0974,0.9399800,-0.074864,0.33289
1.4666,0.7989200,-0.30486,0.5184300,-7.5636,-0.204000,-0.94826,-0.243250,-0.75931,-0.56577,-0.088577,0.8197800
-2.3638,0.7586700,-0.42177,-0.4965,-6.3062,-0.485890,-0.874010,0.0,-3.2946,0.4339500,-0.241250,0.8680300
0.75268,0.7259800,-0.389210,0.56696,-3.8798,-0.18756,-0.905230,-0.381260,-1.1343,-0.66163,-0.17044,0.73019
-2.3638,0.7586700,-0.42177,-0.4965,-6.3062,-0.485890,-0.874010,0.0,-3.2946,0.4339500,-0.241250,0.8680300
1.7459,0.82997,-0.5127,-0.21969,-3.9522,-0.55395,-0.80377,-0.21698,-1.3453,0.065336,-0.30179,0.95113
-2.3638,0.7586700,-0.42177,-0.4965,-6.3062,-0.485890,-0.874010,0.0,-3.2946,0.4339500,-0.241250,0.8680300
2.932,0.79012,-0.587750,0.17391,-4.7665,-0.53368,-0.79922,-0.276420,0.4651300,-0.301460,-0.12559,0.94516
2.8347,0.8082000,-0.50609,-0.301120,-4.8535,-0.53138,-0.84712,-0.002446,1.2553,0.25385,-0.16198,0.9535800
-1.5798,0.8223800,-0.50753,-0.25709,-13.19,-0.56891,-0.73745,-0.36401,-5.399,0.0048448,-0.44562,0.8952
0.81153,0.73766,-0.60953,-0.29037,-6.7526,-0.63698,-0.77087,0.0,-2.2576,0.22384,-0.18496,0.9569100
26.45,0.059112,0.9477800,0.31338,-0.558460,-0.994710,0.029505,0.098393,1.5428,-0.084008,0.31754,-0.944510
21.625999,0.1104300,0.9438700,0.3113,1.8733,-0.988599,0.0720840,0.13215,3.3652,-0.102289,0.32234,-0.941070
20.249000,0.0817580,0.9315500,0.3542700,-0.471070,-0.99146,0.0398030,0.1241400,2.2907,-0.101540,0.3614,-0.92686
23.011,0.022912,0.58601,0.8099700,1.0169,-0.994420,-0.07002,0.078789,2.8746,-0.10288,0.80726,-0.58114
25.531000,0.0270370,0.75807,-0.65161,-0.106370,-0.9939,0.09006,0.063534,0.84833,-0.10684,-0.64592,-0.75588
21.425,-0.016810,0.9804200,0.1961800,1.7536,-0.99529,-0.035134,0.0902940,3.0796,-0.095419,0.1937400,-0.976399
18.853,0.04579,0.8017400,-0.5959,1.7918,-0.91869,0.26806,0.29006,5.9544,-0.392300,-0.53417,-0.74883
17.058,0.32994,0.2469700,0.91112,4.3192,-0.90376,-0.196120,0.38044,7.9292,-0.27265,0.94896,-0.158490
26.317,0.1224000,-0.258970,0.95809,11.876,-0.904090,-0.42733,0.0,14.513,-0.409429,0.8662000,0.28644
6.8053,0.3816500,0.83035,-0.406010,-1.9376,-0.904330,0.42627,0.021712,-0.73046,-0.191100,-0.358880,-0.9136
8.3882,0.3922000,0.7942300,0.46407,-1.9502,-0.909559,0.2595200,0.32455,-0.12705,-0.13733,0.5494,-0.82419
8.7237,0.088934,0.75725,0.6470400,1.1648,-0.991140,0.0029754,0.13274,1.6435,-0.098598,0.6531100,-0.7508
8.2916,0.39944,0.74247,0.53774,-0.33948,-0.890830,0.1758300,0.41893,1.4616,-0.21649,0.6463800,-0.73165
12.038,0.27388,0.2742300,0.9218299,1.9416,-0.95689,-0.018581,0.28982,4.7255,-0.09661,0.9614800,-0.25732
12.08,0.1934600,0.4871800,0.8515900,1.2067,-0.971780,-0.024241,0.23463,3.1975,-0.13495,0.87296,-0.468740
15.062,0.15169,0.81123,0.5647000,-0.99095,-0.98546,0.079916,0.1499100,0.9593500,-0.076485,0.57923,-0.811560
11.177,0.1130900,0.96016,0.25552,-0.81671,-0.98692,0.078837,0.14056,-0.363320,-0.114820,0.26807,-0.956530
13.729,0.0978850,0.82318,-0.55927,3.2145,-0.93117,0.27406,0.24042,5.7398,-0.35119,-0.497240,-0.793350
19.863,-0.039426,0.12848,0.99092,10.934999,-0.956000,-0.29335,0.0,11.703,-0.29069,0.94732,-0.13439
19.863,-0.039426,0.12848,0.99092,10.934999,-0.956000,-0.29335,0.0,11.703,-0.29069,0.94732,-0.13439
19.826,0.072391,0.8454200,0.52917,1.1437,-0.99119,0.0019882,0.13242,1.9418,-0.11089,0.5340900,-0.83811
16.281000,0.0074048,0.65089,0.75912,3.5847,-0.99016,-0.10127,0.0964899,4.9607,-0.13968,0.75238,-0.643740
17.229,0.026428,0.99034,-0.13605,0.98416,-0.98486,0.049117,0.16621,2.8402,-0.171290,-0.129600,-0.976650
21.233,-0.209520,-0.53139,0.8208000,7.481,-0.93174,-0.146090,-0.33242,11.357999,-0.29656,0.8344300,0.4645100
33.057,-0.277470,0.7001000,0.6579200,16.673000,-0.92964,-0.368440,0.0,18.897,-0.242410,0.61164,-0.753080
33.057,-0.277470,0.7001000,0.6579200,16.673000,-0.92964,-0.368440,0.0,18.897,-0.242410,0.61164,-0.753080
33.057,-0.277470,0.7001000,0.6579200,16.673000,-0.92964,-0.368440,0.0,18.897,-0.242410,0.61164,-0.753080
33.778,-0.339840,0.83333,0.4359600,16.797,-0.925960,-0.37761,0.0,19.218,-0.164620,0.4036800,-0.89996
31.485,-0.346130,0.74511,-0.57008,12.991999,-0.930690,-0.196090,0.30879,13.896999,-0.118300,-0.637450,-0.761340
14.698,-0.093236,0.99533,-0.024884,-2.0531,-0.995170,-0.092399,0.032915,2.9621,-0.030462,-0.027833,-0.999140
26.338,-0.25511,0.86878,0.42442,4.961,-0.94836,-0.139260,-0.28497,12.362,0.1884700,0.4752100,-0.859440
33.638,-0.300010,0.78366,0.54393,13.937999,-0.952250,-0.2122,-0.219490,16.741999,0.056579,0.58381,-0.80991
33.482,-0.314650,0.0286669,0.9487700,15.087,-0.94453,0.089563,-0.31595,16.431,0.094033,0.9955600,0.0011033
38.172000,-0.36846,0.9274900,0.063182,19.231,-0.92934,-0.369200,0.0,21.813,-0.023327,0.0587180,-0.998000
19.316,-0.10022,0.98514,0.13947,1.3504,-0.98607,-0.079657,-0.145970,5.2646,0.13269,0.1521600,-0.9794
15.008,-0.033714,0.99667,0.074156,-1.7747,-0.99798,-0.029586,-0.056074,3.1751,0.053694,0.0758969,-0.99566
23.248,-0.25602,0.9229200,-0.287500,13.076,-0.963610,-0.267300,0.0,13.803,0.07685,-0.277030,-0.957780
26.572,-0.10632,0.9943,0.0068086,5.058,-0.99256,-0.10572,-0.060235,8.1759,0.059172,0.013162,-0.99816
23.248,-0.25602,0.9229200,-0.287500,13.076,-0.963610,-0.267300,0.0,13.803,0.07685,-0.277030,-0.957780
23.248,-0.25602,0.9229200,-0.287500,13.076,-0.963610,-0.267300,0.0,13.803,0.07685,-0.277030,-0.957780
21.183,-0.23406,-0.30608,0.9227700,9.573,-0.970340,0.13252,-0.202170,11.719,0.060405,0.9427300,0.3280300
24.748,-0.047092,0.9971700,0.058565,2.9637,-0.98636,-0.037167,-0.160320,6.642,0.15769,0.065316,-0.98532
30.572,-0.089748,0.99363,-0.068023,7.4952,-0.99254,-0.094885,-0.076475,11.31,0.0824430,-0.060652,-0.994740
19.301,-0.005062,0.9892,-0.14645,2.9855,-0.986810,-0.028635,-0.159290,5.6375,0.1617600,-0.143720,-0.976300
24.811999,-0.014241,0.9869500,-0.16036,2.1414,-0.990060,-0.036358,-0.135840,3.526,0.1398900,-0.156830,-0.977660
18.84,0.02939,0.99363,-0.10872,-2.085,-0.995780,0.019654,-0.089568,2.1213,0.086862,-0.11089,-0.99002
19.123,-0.080131,0.94346,-0.32163,2.5999,-0.985,-0.124400,-0.119520,5.9682,0.1527800,-0.30723,-0.93928
22.698999,-0.008306,0.8934799,-0.44902,3.2322,-0.99687,-0.042675,-0.066476,6.3058,0.078557,-0.44706,-0.891039
16.71,-0.040755,0.9616199,0.27133,-3.5503,-0.998400,-0.028589,-0.048641,-1.7845,0.039017,0.27288,-0.961250
20.505,0.025413,0.9941300,0.1051,-0.59254,-0.99134,0.038612,-0.1255,1.2092,0.1288200,0.101,-0.9865
16.272,0.01291,0.9684100,0.2490000,-2.6165,-0.99866,0.0249400,-0.045215,-1.9762,0.049997,0.24808,-0.967440
17.730999,0.015962,0.9220200,0.38679,-1.8227,-0.991970,0.063123,-0.10953,-0.83385,0.1254,0.38194,-0.91563
25.362000,0.063852,-0.65073,0.75661,0.90118,-0.99591,0.0070025,0.09007,1.729,0.06391,0.75926,0.64763
28.694000,0.061633,0.9569000,-0.283780,4.0147,-0.99279,0.0294980,-0.11615,6.0802,0.1027700,-0.288890,-0.951820
22.252000,0.016999,0.97983,0.19909,0.93986,-0.99841,0.0273260,-0.049238,1.6276,0.053686,0.1979300,-0.97874
13.522,0.10602,0.8218500,-0.55974,-2.5081,-0.99382,0.069067,-0.086829,-1.3573,0.032701,-0.565489,-0.8241
27.517999,0.0315730,0.95162,-0.30564,2.8139,-0.9987,0.0177960,-0.047754,3.9844,0.040004,-0.30675,-0.95094
27.928,-0.031532,-0.43499,0.89987,3.6602,-0.99392,0.1086100,0.017675,5.1829,0.1054200,0.89385,0.4357800
28.980999,-0.025407,0.9865,-0.161760,5.1498,-0.993570,-0.042772,-0.104770,6.5506,0.11028,-0.15806,-0.981250
32.524,-0.033544,0.76348,-0.644940,7.0955,-0.988250,-0.121580,-0.092526,8.1413,0.14905,-0.63427,-0.7586
17.018,0.3018200,0.55396,0.77589,6.5746,-0.878110,0.47844,0.0,8.9652,0.3712200,0.68133,-0.630850
10.87,0.2242300,0.4398600,0.86961,1.5262,-0.948390,0.30378,0.0908900,5.4347,0.2242,0.8451200,-0.485280
13.339,0.18887,0.45553,0.8699500,6.5754,-0.92374,0.38301,0.0,7.5678,0.3332,0.8036099,-0.493130
5.1192,0.0801590,0.9819300,-0.171390,-1.9137,-0.9859,0.052766,-0.158790,-1.5148,0.14688,-0.1817,-0.972320
13.393999,0.2547000,0.081476,0.96357,1.9529,-0.9549,0.17843,0.2373200,2.1704,0.15259,0.98057,-0.12325
12.344999,0.2382699,0.8778000,-0.415530,2.0058,-0.95429,0.13214,-0.26807,2.9307,0.1804,-0.46042,-0.869170
10.599,0.1495800,0.1553800,0.97646,-0.1182,-0.98621,0.0941119,0.1360900,0.9028499,0.070749,0.9833600,-0.167320
7.3935,0.14612,0.32511,0.93431,0.69713,-0.97821,0.18826,0.0874850,2.1318,0.14745,0.9267400,-0.34554
7.0075,0.40899,0.79849,-0.44173,-2.0939,-0.90193,0.28014,-0.328690,0.78522,0.13871,-0.53285,-0.834760
5.1965,0.4690800,0.8590400,0.2049500,-1.159,-0.86077,0.49662,-0.111480,1.3632,0.19755,0.1241200,-0.9724
4.7469,0.064946,0.9951300,-0.074049,0.57623,-0.97761,0.04857,-0.204700,1.8803,0.20011,-0.085687,-0.97601
5.6461,0.38085,0.9244400,0.0187810,-0.33034,-0.9133,0.3792800,-0.1484,1.3037,0.1443100,-0.039368,-0.98874
5.0951,-0.029606,0.75148,0.65908,-0.322310,-0.999440,-0.012378,-0.03078,1.1683,0.0149720,0.65963,-0.75143
2.231,0.77461,-0.628910,-0.066613,-2.37,-0.50375,-0.67725,0.53624,0.1265099,0.3823600,0.3818200,0.8414300
3.1039,0.85318,-0.51954,-0.046342,-0.68232,-0.444339,-0.77046,0.4571,1.1316,0.27319,0.3694,0.8882
1.687,0.7942800,-0.5919,-0.13698,-1.4428,-0.47996,-0.74956,0.45583,0.8660399,0.3724800,0.29631,0.87945
-0.915119,0.6748400,0.73743,0.027958,-3.5843,-0.18887,0.2092200,-0.95945,-3.2382,0.71338,-0.6422,-0.28047
0.6873,0.77853,-0.37086,-0.50629,-7.3371,-0.228650,-0.918890,0.32148,-2.1468,0.58446,0.13452,0.80019
1.4116,0.51438,-0.557240,-0.65183,-3.7279,-0.351350,-0.830310,0.4325700,0.2127600,0.78227,-0.006512,0.62289
-0.34809,-0.56223,-0.034557,-0.826249,-5.6167,0.055137,-0.998460,0.0042411,-0.843950,0.8251300,0.043173,-0.56328
-2.8344,-0.074237,-0.184000,-0.98011,-10.774,0.2255,-0.960469,0.1632300,-4.9492,0.9714100,0.2088900,-0.11279
0.20448,0.9059400,-0.39151,0.16118,-7.6662,-0.420610,-0.87579,0.23678,-0.729520,-0.048457,0.28231,0.95809
-2.5819,-0.58335,-0.1816,-0.791650,-12.379,0.3137600,-0.9494,-0.013413,-3.3592,0.74916,0.25622,-0.61082
-5.993,-0.52799,-0.18273,-0.82935,-11.26100,0.32706,-0.945,0.0,-6.5566,0.78374,0.27125,-0.55871
-1.3331,0.7825000,-0.3139,0.5377200,-7.9052,-0.46414,-0.869730,0.1677000,-3.8408,-0.41503,0.3808100,0.8262700
-2.2743,0.8173600,-0.103200,0.56679,-12.64999,-0.20269,-0.97243,0.1152300,-3.5844,-0.539280,0.20907,0.8157500
-5.993,-0.52799,-0.18273,-0.82935,-11.26100,0.32706,-0.945,0.0,-6.5566,0.78374,0.27125,-0.55871
1.2648,0.88787,-0.185590,-0.420980,-6.1205,-0.155360,-0.982220,0.1053600,0.22946,0.43305,0.0281490,0.90092
0.46494,0.8310900,-0.17806,-0.52684,-8.0713,-0.12163,-0.98262,0.1402199,0.0921490,0.54266,0.0524570,0.8383100
2.6125,0.7949600,-0.19026,-0.57604,-9.1442,-0.14012,-0.981450,0.13078,-0.33611,0.59024,0.023253,0.80689
0.6398100,0.6763300,-0.021756,-0.736270,-10.00499,0.020322,-0.99863,0.0481770,-1.072,0.73631,0.047547,0.67496
-1.0205,0.97197,-0.035082,-0.232430,-14.247,-0.004002,-0.99112,0.13285,-2.0084,0.23502,0.1282,0.9634900
-1.0894,0.70837,0.048221,0.70418,-16.639,-0.029047,-0.99482,0.0973450,-2.2757,-0.70523,0.089412,0.7033100
-2.4764,0.9399200,0.0004938,-0.34137,-16.86,0.019007,-0.998520,0.0508910,-5.1381,0.3408400,0.054322,0.9385400
1.2914,0.9631700,-0.04412,0.26523,-12.529,-0.078550,-0.98958,0.12063,0.1199300,-0.25715,0.13702,0.9566000
-6.3117,0.73123,0.035297,0.6812100,-16.678,-0.156240,-0.96344,0.21763,-8.2845,-0.663990,0.2655700,0.69898
-10.141,-0.051277,-0.014855,-0.99857,-18.185,0.27826,-0.960500,0.0,-10.764,0.95913,0.27787,-0.053385
0.6538400,0.9681800,-0.172640,0.18113,-8.3083,-0.19658,-0.972640,0.1237200,-0.90369,-0.15482,0.1553900,0.97564
-2.6744,0.9232400,-0.20629,-0.32412,-10.548,-0.13483,-0.963930,0.22944,-3.3103,0.3597700,0.16813,0.91776
-2.0568,0.86603,-0.28965,-0.407530,-9.4455,-0.17307,-0.938380,0.29913,-3.6234,0.4690600,0.1885200,0.8628
-12.33100,0.50948,0.11838,-0.85229,-21.332,0.22632,-0.974050,0.0,-12.79199,0.83018,0.19289,0.52305
-4.6015,0.95994,0.1015200,0.2611400,-26.317,0.06553,-0.987540,0.14303,-8.3817,-0.27241,0.12019,0.95464
-9.9262,0.5532600,0.0410730,-0.831980,-16.287,0.074033,-0.997250,0.0,-9.9611,0.8297000,0.0615950,0.55479
-5.3669,0.9908,-0.032135,-0.131400,-15.055,-0.022165,-0.99681,0.076644,-7.7568,0.13344,0.0730260,0.98836
0.1713700,0.9997199,0.021925,0.0081072,-26.691,0.021685,-0.99935,0.0285780,-3.39,-0.008728,0.028394,0.99955
-2.0249,0.98507,-0.004230,0.17205,-32.328,-0.006296,-0.999910,0.0114630,-6.0686,-0.17199,0.012375,0.98502
-0.46251,0.9988600,0.031987,0.0354170,-27.346,0.030403,-0.99855,0.0443770,-4.922,-0.036785,0.0432500,0.99838
0.9115600,0.9845700,0.041545,0.16996,-18.489,0.031683,-0.99767,0.06033,-2.723,-0.17207,0.054014,0.9836
-1.8597,0.9931800,0.0825999,0.082212,-22.76400,0.080321,-0.99629,0.0306579,-5.519,-0.084440,0.023845,0.99614
0.55279,0.9725,0.0043970,0.23284,-31.46100,-0.000905,-0.999740,0.022658,-2.9815,-0.232880,0.0222460,0.9722400
-0.23308,0.9997400,0.016882,-0.014956,-29.4,0.017284,-0.99948,0.027172,-3.151,0.0144900,0.027424,0.9995100
-3.859,0.9402200,0.0249800,-0.33964,-19.63000,0.033308,-0.99926,0.018709,-6.7569,0.3389200,0.0289029,0.9403600
-7.6031,-0.42025,-0.092344,-0.90269,-13.067,0.2146100,-0.976690,0.0,-7.8548,0.88166,0.19373,-0.43027
-3.9332,0.9721600,0.065643,-0.22491,-15.45500,0.077769,-0.995930,0.045474,-5.3724,0.2210100,0.0616990,0.9733100
-5.1008,-0.6289,-0.026964,-0.777010,-12.783,0.13366,-0.98826,-0.073892,-6.7892,0.7659,0.1503300,-0.62512
-4.4758,0.9603999,0.09132,-0.263200,-15.48899,0.0999750,-0.994790,0.01965,-5.4237,0.26003,0.0451860,0.9645400
-2.7477,0.9743600,-0.051449,-0.219010,-13.124,-0.023450,-0.99142,0.1285700,-3.902,0.22375,0.1201400,0.9672100
0.8520400,0.99073,0.0099669,-0.13547,-26.409,0.014559,-0.99935,0.032952,-2.1978,0.13506,0.0346190,0.99023
-2.9186,0.9398400,0.0654,-0.33527,-14.468,0.089056,-0.99447,0.055656,-3.7636,0.32978,0.082166,0.94047
-7.6031,-0.42025,-0.092344,-0.90269,-13.067,0.2146100,-0.976690,0.0,-7.8548,0.88166,0.19373,-0.43027
-6.763,0.8201800,0.0992420,-0.56342,-17.591,0.13529,-0.990540,0.022481,-8.2295,0.55586,0.094669,0.82586
-2.1975,0.96007,0.004609,-0.27969,-17.266,0.0250199,-0.99727,0.069449,-4.5495,0.2786099,0.073674,0.95757
-1.6505,0.99842,0.032624,0.0457200,-21.312,0.031519,-0.99919,0.0246850,-4.0823,-0.046489,0.023205,0.99864
0.66795,0.98173,0.11319,0.15293,-15.97699,0.11054,-0.99353,0.0257839,-1.1916,-0.15486,0.0084083,0.9879
-1.3758,0.9829800,0.080024,-0.16535,-16.87100,0.086577,-0.995700,0.0328010,-1.5648,0.1620100,0.046558,0.98568
-1.2587,0.97115,0.0235650,-0.23729,-22.266,0.034945,-0.99842,0.0438680,-2.4343,0.23588,0.050894,0.97044
-3.2391,0.93151,-0.061281,-0.358510,-19.002,0.017158,-0.977200,0.2116200,-5.3378,0.3633,0.2032700,0.90922
-3.5907,0.91334,0.12021,-0.389040,-19.32399,0.11158,-0.992740,-0.044777,-5.7457,0.3916,0.0025152,0.92013
-1.705,0.9717000,0.0201960,-0.23533,-23.047,0.031987,-0.99841,0.046396,-4.0747,0.23402,0.052611,0.9708000
-1.4372,0.88334,0.0005189,-0.46871,-16.441,0.035075,-0.99726,0.064999,-3.0889,0.4674000,0.073858,0.88095
0.5346700,0.94071,0.020149,-0.3386,-21.19299,0.034987,-0.998670,0.037774,-1.4184,0.33739,0.0473810,0.9401600
-0.613170,-0.559970,-0.065879,-0.825880,-12.178,0.084409,-0.996180,0.022231,-1.202,0.82419,0.057263,-0.5634
-3.5995,-0.60572,-0.16599,-0.778160,-10.115,0.31528,-0.94801,-0.043191,-5.2253,0.73054,0.2715100,-0.62656
-7.6031,-0.42025,-0.092344,-0.90269,-13.067,0.2146100,-0.976690,0.0,-7.8548,0.88166,0.19373,-0.43027
-7.6031,-0.42025,-0.092344,-0.90269,-13.067,0.2146100,-0.976690,0.0,-7.8548,0.88166,0.19373,-0.43027
-0.52898,0.7538100,-0.206250,-0.623880,-8.56,-0.059739,-0.96703,0.24751,-2.1863,0.6543700,0.1493100,0.74128
1.725,0.7087300,-0.228120,-0.66757,-5.3919,-0.13124,-0.972390,0.19295,-0.519690,0.69315,0.0491399,0.71911
-0.905620,-0.193650,-0.142280,-0.970689,-4.8266,0.2376599,-0.966760,0.0942939,-1.2727,0.95184,0.21243,-0.22102
-2.3389,0.3856,-0.051807,-0.9212,-6.5874,0.1044300,-0.98955,0.0993650,-2.6688,0.9167299,0.13451,0.3761600
2.5123,0.3824300,0.19797,-0.90252,-2.0483,0.43072,-0.902350,-0.015418,0.52116,0.81744,0.38284,0.4303600
1.935,0.44528,0.0506719,-0.893950,-3.0349,-0.023119,-0.99741,-0.068053,0.7494900,0.8950900,-0.050972,0.44296
2.7331,0.995,0.025248,0.0965579,-3.2743,0.0377700,-0.99077,-0.13013,2.1753,-0.092382,-0.13312,0.9867800
-1.1154,0.075073,-0.16464,-0.98349,-6.5058,-0.107180,-0.981889,0.1561900,-2.8203,0.9914000,-0.093689,0.0913610
0.8343500,0.15507,-0.284,-0.946190,-5.1687,-0.083337,-0.958130,0.27392,0.60882,0.98438,-0.036374,0.17224
4.2719,0.65056,-0.41419,-0.63656,0.05573,-0.369430,-0.904920,0.21125,2.0507,0.66354,-0.097728,0.74172
-0.3588,0.8238,-0.28783,-0.48835,-6.2917,-0.15701,-0.943650,0.2913199,-2.1907,0.54469,0.16331,0.82257
0.78938,0.76314,-0.44905,0.46472,-2.3564,-0.41986,-0.891200,-0.17167,0.6411100,-0.49124,0.064112,0.8686500
0.0053174,0.2870000,-0.023622,-0.95763,-5.2033,0.05466,-0.99766,0.040991,-0.58868,0.95636,0.06411,0.28504
0.4786600,0.84622,-0.204610,-0.49196,-3.1338,-0.094709,-0.96638,0.23902,-0.868110,0.52433,0.15567,0.83715
0.43861,0.58521,-0.63991,-0.49803,-2.368,-0.62111,-0.748590,0.2320100,0.0137300,0.52129,-0.17355,0.83554
1.0447,0.7066600,-0.045578,-0.70607,-5.1749,0.015805,-0.99665,0.080153,-1.5583,0.70737,0.067801,0.7035800
0.0968229,0.79574,-0.40157,-0.453340,-3.4594,-0.32842,-0.915060,0.2340800,-1.5941,0.5088400,0.037382,0.8600400
3.5106,0.4716400,-0.33602,-0.81525,0.9396300,-0.096751,-0.93868,0.3309200,1.4746,0.87646,0.077201,0.4752300
-3.045,0.0086515,0.0482540,-0.998790,-12.701,0.036664,-0.99817,-0.047906,-3.3944,0.9992900,0.036206,0.010404
-0.16935,0.9995900,0.024082,-0.015024,-22.841,0.024424,-0.999430,0.023028,-1.7727,0.014461,0.023385,0.9996200
-0.862090,0.9415200,0.0480470,-0.33348,-24.448,0.047161,-0.998820,-0.010754,-2.9744,0.33361,0.0056009,0.94269
-0.65563,0.77697,0.044391,0.6279600,-10.31800,-0.051632,-0.98965,0.1338400,-2.2776,-0.62741,0.13641,0.7666400
-2.0272,0.90255,0.23239,0.36247,-7.9406,0.1733100,-0.96671,0.1882200,-2.6064,-0.39414,0.10706,0.9127900
1.1611,0.94446,0.040555,-0.32611,-10.508,0.038189,-0.99917,-0.013656,-0.234810,0.32639,-0.000444,0.94523
-1.5987,0.99615,0.0875249,0.0023468,-16.741,0.087458,-0.995950,0.020795,-3.1008,-0.004157,0.02051,0.99978
2.9722,0.94781,0.15357,-0.27941,-12.099,0.1662600,-0.98583,0.022154,0.70516,0.27205,0.067455,0.95991
0.4022900,0.95612,0.0424110,-0.28988,-11.894,0.0446030,-0.999000,0.0009578,0.29221,0.2895500,0.0138450,0.9570600
2.3766,0.8972,-0.052016,-0.438530,-16.626,-0.050298,-0.998610,0.0155410,0.080722,0.43873,-0.008114,0.89857
-0.9347,0.8980100,0.064773,0.4351700,-18.399,0.058442,-0.997889,0.027933,-1.3608,-0.43606,-0.000347,0.8999100
-1.414,-0.44845,0.0251290,-0.893450,-16.076,-0.01936,-0.99964,-0.018398,-1.9166,0.8935900,-0.009047,-0.44878
2.3277,0.88227,-0.030171,-0.46977,-14.78799,-0.028791,-0.99953,0.010122,-0.098173,0.4698500,-0.004594,0.88273
1.04,0.7784,0.0611950,-0.624760,-4.0584,0.027942,-0.997620,-0.062903,-1.0948,0.6271300,-0.031507,0.77827
1.5052,0.67936,0.028452,-0.73324,-8.1875,0.048125,-0.998820,0.005831,-1.0052,0.73221,0.039249,0.67993
0.79034,0.8257400,-0.150510,-0.543580,-5.9827,-0.126600,-0.988599,0.081403,-0.53122,0.54964,-0.001603,0.83539
0.90611,0.8204400,-0.103899,-0.562190,-5.9218,-0.094389,-0.99447,0.046044,-0.704290,0.56387,-0.015288,0.8257099
-0.875430,0.9217900,0.0530700,-0.38401,-24.971,0.045692,-0.99855,-0.028316,-2.5956,0.38496,-0.008554,0.92289
1.4691,0.92249,-0.010700,0.3858600,-26.37599,-0.010871,-0.99993,-0.001739,-1.1124,-0.38585,0.0025904,0.9225500
0.6572,0.88286,-0.080075,-0.462750,-12.57400,-0.061105,-0.996560,0.055865,-1.9505,0.46563,0.0210449,0.8847200
-1.3331,0.80382,-0.043487,-0.59327,-22.563,-0.028674,-0.99899,0.0343760,-3.066,0.59417,0.0106200,0.8042600
1.2273,0.8131200,0.020016,-0.58174,-5.6936,0.027495,-0.999610,0.0040368,-0.53466,0.58143,0.019277,0.81336
-0.24421,0.9752800,-0.092426,0.20069,-13.02,-0.081834,-0.994810,-0.060460,-1.6253,-0.20524,-0.042542,0.97778
1.9742,0.8109999,0.0136850,-0.58487,-12.588,-0.002512,-0.99963,-0.026874,1.0975,0.58502,-0.023264,0.81067
0.9565600,0.9437900,0.042745,-0.327740,-13.154,0.024507,-0.997920,-0.059577,-1.267,0.32961,-0.048196,0.9428800
-2.6848,-0.11171,0.055674,-0.99217,-22.778,-0.008594,-0.998440,-0.055057,-3.3289,0.9937,-0.002375,-0.112020
0.35082,-0.17552,-0.095456,-0.97983,-4.8769,0.085742,-0.992980,0.081378,-0.017202,0.98073,0.069729,-0.18248
0.9394800,0.8636699,-0.042295,-0.50226,-6.9899,-0.045415,-0.99895,0.006026,-0.68931,0.50199,-0.017606,0.8646900
0.1340900,0.4964400,-0.063149,-0.865760,-7.0478,-0.006500,-0.99759,0.069037,-0.751590,0.8680400,0.028645,0.49566
2.0272,0.80613,-0.11381,-0.58068,-4.3388,-0.050649,-0.99099,0.1239100,-0.28763,0.58956,0.070481,0.80464
-0.313200,0.9107799,0.10145,-0.40022,-12.482,0.0975060,-0.994769,-0.030277,-1.9677,0.4012,0.011448,0.9159100
1.1111,0.8513299,-0.1142,-0.51204,-8.5746,-0.092037,-0.99339,0.068537,-0.5406,0.5164799,0.01122,0.8562200
0.52943,0.97836,-0.012867,-0.206470,-14.562,-0.014578,-0.99987,-0.006766,-0.55855,0.20635,-0.009630,0.9784200
-0.28519,-0.085625,0.041789,-0.99545,-11.59799,-0.014381,-0.999060,-0.040704,-1.7627,0.99622,-0.01083,-0.086146
1.2932,-0.284730,-0.03576,-0.957930,-14.796,0.0023344,-0.99932,0.036611,0.9437900,0.9586000,-0.008188,-0.28463
-1.9056,0.94049,-0.014515,-0.33951,-11.49899,0.013164,-0.996780,0.079085,-2.8371,0.3395600,0.078848,0.93727
-0.97129,0.8350400,0.048272,-0.54806,-9.1946,-0.001174,-0.99598,-0.089514,-2.691,0.55018,-0.075391,0.8316300
0.36646,0.9704700,-0.104200,-0.21752,-7.0887,-0.106790,-0.99428,-0.000185,-0.357280,0.21626,-0.023411,0.9760500
1.4771,0.88507,0.053453,0.46236,-7.3105,0.071792,-0.997170,-0.022146,1.1576,-0.45987,-0.052794,0.8864100
-1.5692,0.9654600,0.019675,-0.25979,-14.542,0.016302,-0.999750,-0.015133,-3.1222,0.26003,-0.010375,0.9655400
-2.0448,0.645,0.1040400,-0.757060,-12.743,0.1278200,-0.99141,-0.027338,-2.9317,0.7534000,0.07914,0.6527700
1.5659,0.8934,0.0117110,-0.4491,-15.57399,0.004836,-0.99985,-0.016452,-0.316640,0.4492200,-0.012525,0.89332
1.2846,0.9538500,-0.017814,-0.29972,-15.96600,-0.021442,-0.99973,-0.008822,-0.188860,0.29948,-0.014842,0.95398
-2.6778,0.93067,-0.36541,0.017675,-8.1209,-0.364930,-0.92386,0.1152600,-4.113,0.0257900,0.11372,0.99317
-1.1948,0.8750800,-0.480330,0.0591220,-3.1264,-0.481170,-0.87662,0.0,-1.642,-0.051828,0.028448,0.9982500
-0.64453,-0.21149,-0.367770,-0.905540,-3.2993,0.043709,-0.92913,0.36714,-1.087,0.9763999,-0.038067,-0.21258
-1.7327,0.91054,-0.34748,0.22397,-7.4087,-0.357720,-0.933810,0.0055313,-2.6413,-0.20723,0.0851580,0.9745699
0.036781,0.9555199,0.0094686,0.29475,-19.189,-0.002200,-0.999220,0.039233,-2.2848,-0.294890,0.038137,0.9547599
-3.4665,0.7366,0.1474,-0.660060,-15.304,0.092458,-0.98874,-0.11763,-6.3431,0.6699700,-0.025619,0.74194
-2.0162,0.95147,-0.059391,-0.30195,-10.02799,-0.01974,-0.99095,0.1327,-3.3049,0.3071000,0.1203000,0.9440400
-3.4552,-0.554480,0.0989739,-0.826280,-9.4375,0.0580689,-0.985880,-0.157050,-4.0273,0.8301600,0.13506,-0.5409
-3.9257,0.5562900,0.1533500,-0.81671,-10.568,0.092323,-0.98814,-0.122659,-5.2017,0.82584,0.0071639,0.56385
-9.5852,-0.113740,0.0362560,-0.992840,-38.6,0.22741,-0.971850,-0.061543,-13.292,0.96713,0.2327900,-0.102289
1.8317,0.6274000,-0.087293,-0.77378,-6.7471,-0.024822,-0.99543,0.092172,0.6004400,0.77829,0.0386220,0.6267
4.1945,0.9841200,-0.054898,0.16874,-10.303,-0.062911,-0.99711,0.0425020,0.60531,-0.16592,0.0524430,0.9847400
-1.7197,0.9896000,0.0012737,0.14377,-33.048,0.0036884,-0.99985,-0.016529,-4.4829,-0.14373,-0.016887,0.9894700
0.9409800,0.9996800,-0.020132,-0.015277,-26.528,-0.019911,-0.999690,0.0144310,-1.1828,0.015563,0.0141230,0.99977
1.1268,0.85235,-0.005008,0.5229400,-26.497,-0.020515,-0.999499,0.0238649,0.4082300,-0.52256,0.0310700,0.8520300
-4.76,-0.631180,-0.083362,-0.77113,-25.18200,0.017052,-0.99545,0.0936550,-7.3662,0.7754400,-0.045964,-0.62974
-6.5642,0.08878,-0.086899,-0.99225,-27.722,0.010767,-0.99604,0.088195,-7.6357,0.9959899,0.018514,0.087493
1.8574,0.99709,-0.027285,-0.071072,-25.524,-0.026398,-0.99956,0.013387,-0.073650,0.071406,0.011472,0.9973800
-0.117890,0.9082300,-0.005477,0.4184300,-21.485,-0.005785,-0.999980,-0.000531,-1.53,-0.41842,0.0019381,0.90824
1.1206,0.9993700,-0.029611,0.019238,-19.56199,-0.029269,-0.99941,-0.017838,0.074977,-0.019755,-0.017263,0.9996499
1.6569,0.9726800,0.0551119,-0.225510,-19.505,0.051268,-0.99842,-0.022871,0.27973,0.22641,-0.010685,0.97397
1.9673,0.96846,-0.026333,0.2477500,-21.04099,-0.026941,-0.99963,-0.000937,-0.440250,-0.247690,0.0057669,0.96882
-1.2987,0.9736400,0.054419,-0.221490,-12.302,0.0296349,-0.99307,-0.11371,-1.8614,0.22614,-0.104150,0.9685000
-1.7594,0.8564,0.0689320,0.5116900,-18.639,0.0520200,-0.99752,0.0473149,-3.2741,-0.51368,0.0139020,0.8578600
2.5494,0.80733,0.0937720,-0.58259,-15.445,0.0913620,-0.995250,-0.033586,1.278,0.5829799,0.026111,0.81206
-0.74789,-0.19929,0.11518,-0.973140,-14.17899,-0.036752,-0.99324,-0.110030,-1.3951,0.9792500,-0.013836,-0.202170
-1.3584,0.99491,0.0597539,-0.081077,-19.939,0.0541030,-0.99606,-0.070185,-1.9412,0.0849520,-0.065441,0.99423
-0.941670,0.9741400,-0.011998,0.2256200,-21.44400,-0.010106,-0.999900,-0.009536,-1.3454,-0.22571,-0.007009,0.97416
0.0505199,0.29695,-0.002189,-0.954880,-23.184,-0.016126,-0.99986,-0.002722,-0.31834,0.95475,-0.016207,0.29695
-1.3563,0.8389200,0.0463550,0.5422600,-24.06499,0.028056,-0.99872,0.0419690,-2.6275,-0.54352,0.0199950,0.8391500
-1.4919,0.72833,0.015292,-0.68504,-28.366,0.0029517,-0.999810,-0.01918,-2.7299,0.6852100,-0.011947,0.72824
-2.4479,0.96358,0.067265,-0.25879,-13.23399,0.061411,-0.997640,-0.030647,-3.1649,0.2602399,-0.013637,0.9654400
-0.55866,-0.60921,0.7861100,-0.1043,-3.5356,-0.67439,-0.58279,-0.45336,-2.5931,0.4171800,0.20585,-0.885200
5.542,-0.068544,0.9334600,0.35204,-0.38468,-0.997320,-0.055102,-0.048075,-0.031279,0.025478,0.35439,-0.934740
-1.2119,-0.66817,0.7085300,-0.226960,-4.2217,-0.72315,-0.54678,0.42198,-2.8857,-0.17489,-0.44609,-0.877730
17.304,0.019888,0.94496,0.3265800,-0.2778,-0.99979,0.017547,0.010115,1.8692,-0.003828,0.3267100,-0.945110
16.852,0.0179340,0.9557100,0.29373,-1.0406,-0.999820,0.015787,0.0096785,1.4482,-0.004612,0.29386,-0.95583
5.2844,-0.068714,0.7307800,0.6791400,-1.6192,-0.99446,-0.10444,0.0117670,-0.32975,-0.079531,0.6745700,-0.733910
7.6103,-0.028291,0.8202600,0.57128,0.3839200,-0.99957,-0.027302,-0.0103,1.1358,-0.007148,0.57133,-0.82068
1.2337,0.99005,0.10813,0.089992,-2.6814,0.10912,-0.994,-0.006092,0.29507,-0.088794,-0.015851,0.9959199
-1.9518,-0.65668,0.0067359,-0.75413,-5.3479,-0.053016,-0.997889,0.037252,-3.4784,0.7523,-0.064444,-0.655660
3.0188,0.5439700,0.64871,0.53221,0.64064,-0.809099,0.23745,0.53755,2.2867,-0.222339,0.7230300,-0.65405
3.1907,0.35958,0.9323700,-0.03707,1.1802,-0.9068,0.35853,0.2217200,2.337,-0.220020,0.0461139,-0.9744
3.8586,-0.26661,0.4774400,0.8372299,-3.5861,-0.941680,-0.31407,-0.12076,-2.6455,-0.205290,0.8206,-0.53334
10.225999,-0.1779,0.9727399,0.1487200,1.7845,-0.984040,-0.1758,-0.027275,1.9627,0.0003872,0.1512,-0.9885
6.6012,-0.16075,0.7969900,-0.582190,-0.081542,-0.986880,-0.138670,0.082656,0.92774,0.014859,-0.58784,-0.80883
6.1347,0.071742,0.9245300,-0.37428,-0.671530,-0.98994,0.020143,-0.13999,-0.099646,0.1218800,-0.38056,-0.91668
0.9425100,0.9963800,0.0074202,-0.08465,-20.26600,0.0079671,-0.99994,0.0061246,-0.29852,0.0846010,0.0067769,0.9963900
-3.1124,0.98705,0.0282609,-0.157850,-34.33399,0.019947,-0.99834,-0.054005,-4.1282,0.15912,-0.050157,0.9859800
-1.2854,0.9984000,0.0003937,-0.056403,-31.521,-0.000372,-0.999900,-0.013579,-1.7764,0.0564050,-0.013578,0.99831
1.3314,0.97168,0.013664,-0.23588,-27.43,0.012687,-0.999900,-0.005659,0.8295,0.23594,-0.002506,0.97176
-2.95,0.7798400,0.023489,0.62553,-29.89100,-0.004850,-0.99903,0.0435620,-3.7578,-0.62595,0.0370060,0.77898
1.3138,0.83575,0.040005,0.5476300,-22.722,0.036307,-0.99918,0.0175800,0.4642500,-0.547890,-0.005190,0.83653
-2.4899,0.8272500,-0.02888,0.56108,-29.097,-0.019026,-0.999540,-0.023397,-3.4844,-0.5615,-0.008679,0.82742
0.56991,0.9832700,0.0154370,0.18145,-27.055,0.0159769,-0.99987,-0.001516,-1.1703,-0.1814,-0.004390,0.98339
-0.36397,0.83243,-0.005580,0.55409,-17.401,-0.026318,-0.999210,0.0294749,-1.3143,-0.55349,0.039119,0.8319300
0.70137,0.60619,0.014902,-0.79517,-10.225,-0.006016,-0.9997,-0.023322,-0.52919,0.79529,-0.018922,0.6059300
-0.253860,0.85984,-0.085348,0.50337,-15.506,-0.081214,-0.996230,-0.030187,-1.4783,-0.50405,0.014924,0.8635400
-0.49124,0.88116,0.011174,0.4726700,-19.822,0.006656,-0.999910,0.011231,-0.73075,-0.47276,0.0067503,0.88116
0.56993,0.9383800,-0.089412,-0.33383,-14.895,-0.080752,-0.99594,0.039758,-0.718420,0.3360300,0.0103509,0.94179
-1.6589,-0.39493,-0.179390,-0.901019,-9.0561,0.073517,-0.98377,0.16364,-3.1773,0.9157600,0.0016119,-0.40171
0.2005900,0.9455399,-0.049801,0.32167,-7.7347,-0.066113,-0.997010,0.039981,-0.039122,-0.31872,0.059071,0.9460000
1.1904,0.83101,0.079531,-0.55054,-11.02400,0.051684,-0.99648,-0.065937,0.17465,0.5538500,-0.02634,0.83219
1.0674,0.64053,-0.084677,-0.76324,-10.141,-0.047580,-0.99636,0.070609,-0.56364,0.7664500,0.0089116,0.6422300
1.4854,0.80062,-0.585240,0.1284300,-0.072233,-0.094504,0.088332,0.9915900,0.8482799,0.59167,0.80603,-0.015411
6.6015,-0.066159,0.93749,0.34164,-1.7192,-0.995490,-0.03873,-0.086499,-0.87176,0.067861,0.34582,-0.93584
7.8816,-0.091349,0.99504,0.039217,1.4375,-0.99218,-0.087585,-0.08884,2.845,0.084965,0.0470260,-0.995270
1.4711,-0.059786,0.41604,0.9073700,-6.2469,-0.99192,-0.12664,-0.007288,-5.3101,-0.111880,0.90048,-0.42025
3.2163,-0.18287,0.9719,0.14817,-0.658140,-0.979420,-0.193180,0.0583420,0.0035125,-0.085328,0.1344500,-0.987229
18.445,-0.048285,0.74212,0.66851,-0.50529,-0.998790,-0.041909,-0.025616,-0.112700,-0.009006,0.6689400,-0.743250
8.3307,-0.079311,0.79472,0.6017600,0.8362500,-0.996780,-0.056184,-0.057173,1.5901,0.011627,0.60436,-0.79662
12.361,0.9005800,0.1504100,0.40782,-2.9681,0.2425,-0.952490,-0.184220,6.0829,-0.360740,-0.26481,0.8942800
-1.692,-0.68898,0.087952,-0.719420,-15.929,-0.049802,-0.996000,-0.074071,-2.6793,0.72306,0.015204,-0.690610
-0.007885,0.9752100,-0.020383,-0.2203,-11.343,-0.023852,-0.999620,-0.0131,-1.1466,0.21995,-0.01803,0.97534
0.039303,0.878,0.0589590,-0.47501,-14.76499,0.018331,-0.995790,-0.089717,-1.4177,0.4783000,-0.070064,0.87539
-1.006,0.6548700,-0.004081,-0.755720,-14.047,-0.046544,-0.998300,-0.034942,-3.9758,0.7542900,-0.058058,0.65395
1.1023,0.99504,-0.013246,0.098538,-14.65,-0.014218,-0.99985,0.0091813,0.64337,-0.098401,0.0105370,0.9950900
2.2142,0.91746,0.0137749,0.39757,-26.237,0.013087,-0.999900,0.0044445,-0.5718,-0.397590,-0.001125,0.91755
-0.28185,0.99163,0.0247060,0.12665,-24.99600,0.025585,-0.999649,-0.005318,-1.4641,-0.12647,-0.008514,0.99193
-1.3098,0.89468,0.025164,0.4459900,-25.271,0.0262179,-0.99964,0.0038102,-2.6174,-0.44593,-0.008284,0.8950200
-0.29104,0.58687,-0.016904,-0.809500,-20.783,-0.016153,-0.999820,0.0091674,-1.8033,0.8095100,-0.007696,0.58704
